# Number of bugs (N)
280
#Número de bugs selecionados:
30
# Votes of each bug
20 80 70 0 100 140 0 113 16 0 80 0 0 20 10 20 0 0 0 20 2 40 20 41 0 0 135 15 20 20 80 22 0 0 0 40 0 1 0 82 0 0 0 0 0 1 0 20 0 0 0 40 0 20 0 0 10 0 0 20 0 0 0 0 1 0 0 0 20 5 240 0 0 0 0 0 0 0 1 0 20 0 0 0 0 0 0 0 0 40 20 20 20 0 15 0 5 0 0 0 0 0 0 0 20 40 0 0 5 0 0 20 0 0 20 0 0 0 0 0 0 0 0 20 0 0 0 0 0 0 0 0 20 0 0 0 86 0 0 81 0 45 0 0 0 0 0 0 0 0 0 0 0 0 0 0 0 0 0 0 0 0 20 0 0 0 20 0 0 0 0 0 0 0 0 0 0 0 0 0 0 0 0 0 0 0 0 0 20 0 0 0 20 0 0 0 0 0 0 0 21 0 0 0 0 0 0 0 60 0 0 0 0 0 0 0 0 0 0 20 0 40 0 0 0 0 0 0 0 0 0 0 0 0 0 0 0 0 0 0 0 0 0 0 0 0 0 0 0 0 0 0 0 0 0 0 0 0 0 0 0 0 0 0 20 0 0 0 0 0 0 0 0 0 0 0 0 0 0 0 
# Priority of each bug
0.4 0.6 0.8 0.6 0.6 0.6 0.6 0.6 1 0.6 0.6 0.6 0.6 0.6 0.8 0.6 0.6 0.6 0.6 1 0.6 0.6 0.6 1 0.6 0.6 0.8 0.6 0.6 0.6 0.6 0.6 0.6 0.6 0.6 0.6 0.6 0.6 0.6 0.6 0.6 0.6 0.6 0.6 0.6 0.6 0.6 0.6 0.6 0.6 0.6 0.6 0.6 0.6 0.6 0.6 0.6 0.6 0.6 0.6 0.6 0.6 0.6 0.6 0.6 0.6 0.6 0.6 0.6 0.6 0.6 0.6 0.6 0.6 0.6 0.6 0.6 0.6 0.6 0.6 0.6 0.6 0.6 0.6 0.6 0.6 0.6 0.6 0.6 0.6 0.6 0.6 0.6 0.6 0.8 0.6 0.6 0.6 0.6 0.6 0.6 0.6 0.6 0.6 0.6 0.6 0.6 0.6 0.6 0.6 0.6 0.6 0.6 0.6 0.6 0.6 0.6 0.6 0.6 0.6 0.6 0.6 0.6 0.8 0.6 0.6 0.6 0.6 0.6 0.6 0.6 0.6 0.6 0.6 0.6 0.6 0.6 0.6 0.6 0.6 0.6 0.6 0.6 0.6 0.6 0.6 0.6 0.6 0.6 0.6 0.6 0.6 0.6 0.6 0.6 0.6 0.6 0.6 0.6 0.6 0.6 0.6 0.6 0.6 0.6 0.6 0.6 0.6 0.6 0.6 0.6 0.6 0.6 0.6 0.6 0.6 0.6 0.6 0.6 0.6 0.6 0.6 0.6 0.6 0.6 0.6 0.6 0.6 0.6 0.6 0.6 0.6 0.6 0.6 0.6 0.6 0.6 0.6 0.6 0.6 0.6 0.6 0.6 0.6 0.6 0.6 0.6 0.6 0.6 0.6 0.6 0.6 0.6 0.6 0.6 0.6 0.6 0.6 0.6 0.6 0.6 0.6 0.6 0.6 0.6 0.6 0.6 0.6 0.6 0.6 0.6 0.6 0.6 0.6 0.6 0.6 0.6 0.6 0.6 0.6 0.6 0.6 0.6 0.6 0.6 0.6 0.6 0.6 0.6 0.6 0.6 0.6 0.6 0.6 0.6 0.6 0.6 0.6 0.6 0.6 0.6 0.6 0.6 0.6 0.6 0.6 0.6 0.6 0.6 0.6 0.6 0.6 0.6 0.6 0.6 0.6 0.6 0.6 0.6 0.6 
# Severity of each bug
0.1 0.1 0.1 0.1 0.1 0.1 0.4 0.1 0.4 0.1 0.1 0.1 0.25 0.4 0.4 0.1 0.1 0.1 0.1 0.1 0.1 0.1 0.1 0.55 0.4 0.4 0.1 0.1 0.4 0.1 0.1 0.1 0.4 0.4 0.1 0.4 0.4 0.4 0.25 0.4 0.4 0.4 0.25 0.1 0.70 0.4 0.4 0.4 0.4 0.4 0.4 0.1 0.4 0.4 0.4 0.4 0.1 0.1 0.4 0.1 0.4 0.4 0.1 0.4 0.4 0.4 0.55 0.4 0.4 0.1 0.1 0.4 0.4 0.4 0.25 0.1 0.1 0.1 0.1 0.1 0.1 0.4 0.4 0.55 0.1 0.4 0.1 0.25 0.4 0.1 0.1 0.1 0.1 0.55 0.70 0.1 0.1 0.1 0.4 0.4 0.4 0.1 0.1 0.4 0.1 0.4 0.4 0.4 0.4 0.4 0.1 0.4 0.1 0.1 0.4 0.4 1 0.1 0.4 0.1 0.1 0.4 0.55 0.4 0.70 0.4 0.1 0.70 0.1 0.4 0.4 0.1 0.4 0.4 0.1 0.55 0.4 0.4 0.1 0.85 0.55 0.1 0.4 0.1 0.4 0.1 0.1 0.4 0.1 0.1 0.4 0.4 0.1 0.1 0.1 0.1 0.4 0.4 0.70 0.4 0.1 0.4 0.4 0.4 0.4 0.4 0.1 0.70 0.4 0.4 0.4 0.1 1 0.4 0.55 0.1 0.25 0.55 0.85 0.55 0.4 0.55 0.4 0.25 0.4 0.4 0.25 0.1 0.4 0.4 0.1 0.25 0.4 0.4 0.25 0.25 0.1 0.1 0.4 0.1 0.1 0.25 0.4 0.4 0.4 0.4 0.4 0.4 0.1 0.4 0.4 0.4 0.55 0.4 0.4 0.1 0.25 0.4 0.55 0.55 0.4 0.4 0.4 0.1 0.4 0.25 0.4 0.25 0.4 0.4 0.55 0.55 0.25 0.4 0.4 0.1 0.1 0.55 0.55 0.4 0.25 0.4 0.4 0.25 0.1 0.4 0.4 0.1 0.55 0.55 0.55 0.1 0.55 0.55 0.4 0.55 0.4 0.1 0.4 0.4 0.55 0.4 0.4 0.4 0.85 0.25 0.4 0.4 0.85 0.4 0.1 0.70 0.1 0.4 0.4 0.55 0.55 0.4 0.55 0.1 
# Bugs' IDs
78006 109338 117283 134781 135737 141946 143399 146239 154897 156532 160529 171163 172630 187408 192458 196808 219892 226771 226876 226905 241829 244424 267508 267618 268913 269408 274102 279054 280378 282866 284474 288944 292485 294396 300361 309493 310314 311549 312430 314395 314752 315141 315189 315727 315767 316975 317278 317576 317964 318232 318595 318596 318711 319396 319761 320375 320376 323132 323198 323429 324024 324386 325807 326064 328104 328170 328184 328728 329555 330750 330843 330852 330862 331281 331299 331307 331688 331817 332414 332600 332717 332935 332949 333194 333199 333203 333323 333337 333393 333409 333446 333450 333464 333517 333577 333656 333677 333841 333919 333967 334032 334399 334706 334749 334984 335590 335608 335737 335855 336676 336766 337641 337719 337731 338111 338236 338270 338819 339061 339066 339067 339337 339627 339676 340366 340670 340778 341617 342006 342321 342322 342594 343060 343087 343088 343261 343313 343327 343506 343629 343979 344074 344276 344290 344374 344414 344449 344504 344505 344551 344562 344584 344940 345218 345254 345356 345541 345775 346507 346687 346800 346899 346929 347329 347474 347613 347761 348205 348598 348705 348765 349014 349015 349320 349500 349756 349763 350299 350535 350661 350709 350972 350974 351189 351362 351443 351496 351619 351757 351884 351885 351886 351932 352053 352137 352167 352440 352453 352490 352797 352868 353088 353162 353287 353332 353404 353526 353543 353654 353676 353712 353747 353814 353852 353907 353935 354019 354060 354171 354343 354405 354482 354613 354629 354630 354696 354739 354801 354826 354893 354947 354958 355045 355138 355143 355202 355206 355207 355220 355260 355300 355307 355541 355591 355596 355615 355990 356241 356276 356277 356304 356383 356813 356815 356852 356965 356969 356974 357062 357185 357341 357415 357437 357463 357582 357850 357902 357970 358266 358273 358281 358307 358334 358457 358553 359032 359347 359406 359427 359463
# Precedences of each bug
0 0 0 0 0 0 0 0 0 0 0 0 0 0 0 0 0 0 0 0 0 0 0 0 0 0 0 0 0 0 0 0 0 0 0 0 0 0 0 0 0 0 0 0 0 0 0 0 0 0 0 0 0 0 0 0 0 0 0 0 0 0 0 0 0 0 0 0 0 0 0 0 0 0 0 0 0 0 0 0 0 0 0 0 0 0 0 0 0 0 0 0 0 0 0 0 0 0 0 0 0 0 0 0 0 0 0 0 0 0 0 0 0 0 0 0 0 0 0 0 0 0 0 0 0 0 0 0 0 0 0 0 0 0 0 0 0 0 0 0 0 0 0 0 0 0 0 0 0 0 0 0 0 0 0 0 0 0 0 0 0 0 0 0 0 0 0 0 0 0 0 0 0 0 0 0 0 0 0 0 0 0 0 0 0 0 0 0 0 0 0 0 117283 0 0 0 0 0 0 0 0 0 0 0 0 0 0 0 0 0 0 0 0 0 0 0 0 0 0 0 0 0 0 0 0 0 0 0 0 0 0 0 0 0 0 0 0 0 0 0 0 0 0 0 0 0 0 0 0 0 0 0 0 0 0 0 0 0 0 0 0 0 0 0 0 0 0 0 0 0 0 0 0 0 0 0 0 0 0 0 