30115.0 -6341.0 
32465.0 -6639.0 
31435.0 -6379.0 
34440.0 -6867.0 
30055.0 -6273.0 
32090.0 -6569.0 
32405.0 -6571.0 
17615.0 -4455.0 
16585.0 -4195.0 
28360.0 -6133.0 
26325.0 -5837.0 
18315.0 -4506.0 
15875.0 -4135.0 
14145.0 -3824.0 
19345.0 -4766.0 
22245.0 -5228.0 
21320.0 -4994.0 
36705.0 -7087.0 
28300.0 -6065.0 
23975.0 -5539.0 
12575.0 -3434.0 
20505.0 -4908.0 
14845.0 -3875.0 
13115.0 -3564.0 
34355.0 -6789.0 
30335.0 -6361.0 
18775.0 -4597.0 
25950.0 -5767.0 
27985.0 -6063.0 
27330.0 -5873.0 
26010.0 -5835.0 
24980.0 -5575.0 
22945.0 -5279.0 
21215.0 -4968.0 
12915.0 -3458.0 
13960.0 -3722.0 
15690.0 -4033.0 
14990.0 -3982.0 
16720.0 -4293.0 
13250.0 -3662.0 
18755.0 -4589.0 
3450.0 -1154.0 
11520.0 -3351.0 
1880.0 -764.0 
21350.0 -5066.0 
5680.0 -1790.0 
6690.0 -2065.0 
12510.0 -3406.0 
8920.0 -2701.0 
12220.0 -3402.0 
3910.0 -1294.0 
8720.0 -2595.0 
25735.0 -5660.0 
9950.0 -2961.0 
11480.0 -3146.0 
9750.0 -2835.0 
2880.0 -1034.0 
10290.0 -2985.0 
5950.0 -1809.0 
23700.0 -5364.0 
27710.0 -5888.0 
7690.0 -2335.0 
10780.0 -3095.0 
5140.0 -1660.0 
10490.0 -3091.0 
4110.0 -1400.0 
23385.0 -5362.0 
740.0 -380.0 
5480.0 -1684.0 
2310.0 -770.0 
9260.0 -2725.0 
6550.0 -1951.0 
11220.0 -3132.0 
18695.0 -4521.0 
4450.0 -1424.0 
7920.0 -2431.0 
9490.0 -2821.0 
1740.0 -650.0 
3110.0 -1130.0 
25675.0 -5592.0 
4680.0 -1520.0 
8260.0 -2455.0 
23325.0 -5294.0 
29840.0 -6166.0 
6950.0 -2160.0 
20320.0 -4806.0 
2770.0 -910.0 
6210.0 -1904.0 
8520.0 -2550.0 
6440.0 -1914.0 
7580.0 -2211.0 
31815.0 -6394.0 
0.0 -0.0 
2710.0 -774.0 
1140.0 -384.0 
4980.0 -1538.0 
1570.0 -390.0 
7290.0 -2184.0 
25295.0 -5577.0 
7210.0 -2174.0 
