m_hvr	m_gd	m_sp	n_hvr	n_gd	n_sp	elapsedTime
0.5800699489350132 3.2877793565667837E-4 0.5906385439619246 0.5917065705279667 7.1282728711764916E-6 1.769654529545984 2930
0.5801932342357091 1.919657415377203E-4 0.553342806025401 0.5613826921238705 0.0015952474681764528 0.986793612777448 1327
0.5831562909130987 3.8816029617340435E-4 0.5400245809320492 0.5831818167751698 5.080351380731223E-4 1.2892870684401347 1392
0.5829158711218445 8.263035101744434E-4 0.5015880614302552 0.5774943164111669 8.971779821883424E-4 1.0811735907314493 1361
0.5815951768576074 1.8348843138179548E-4 0.5356188610476706 0.5888817340871383 2.1766573996442423E-4 1.5235203542335343 1365
0.5799832801759177 1.6407109124614636E-4 0.49452601570303745 0.5903003223389715 5.646303951369682E-5 1.7439455661346508 1392
0.5798940934289221 1.7858822011722263E-4 0.5273195725928214 0.5887601018166667 8.714800662770353E-5 1.768771202059255 1467
0.5796556534296811 4.3340764926621346E-4 0.6118439427386715 0.5855907046804416 1.1206827290096028E-4 1.7690557158186817 1424
0.5804672912699032 2.872150416634298E-4 0.4899810835252609 0.5861982701730667 9.11813686602267E-5 1.7693560569884381 1346
0.5818687725810416 3.4013366093328586E-4 0.4535389369125765 0.5912025116371888 2.6428729353386986E-5 1.780663479558346 1323
0.580197981892284 3.643663792012563E-4 0.5297787245994335 0.5858952274460989 1.875696717789285E-4 1.771554506900688 1360
0.584785582854709 2.2385994442942732E-4 0.419742391585167 0.586201787667614 2.0346555712701773E-4 1.7587396076736286 1409
0.5793759837812362 2.188402068070318E-4 0.46765620246128714 0.5843832622078637 1.3149661402373026E-4 1.761327000207637 1400
0.5816945316626118 1.0208183497384586E-4 0.5791691285677761 0.5887611205445957 9.858895470983259E-5 1.79616032227768 1449
0.5799318055835785 1.2794369815292484E-4 0.5961275973476114 0.5885217963663973 1.2008527356266528E-4 1.7677697966269832 1365
0.5842252824937353 1.433701813894309E-4 0.5053693571167698 0.5900414693385863 7.347553812855427E-5 1.772001165720143 1363
0.5795645445545176 1.6667651979291516E-4 0.49961695241073817 0.5496401228262965 0.0029210739617581164 0.9292361339522449 1376
0.5787467559041578 2.652506726869842E-4 0.5525164338122165 0.5880544693449101 2.310368078408402E-5 1.740820924845501 1344
0.5793280651260079 1.697553182992011E-4 0.5214049046964091 0.5904251068996387 5.4146898463423275E-5 1.8122784847682212 1353
0.5834313282326586 1.1900016459703936E-4 0.56948917513047 0.5843259635671757 2.403322333204234E-5 1.7063024790843513 1362
0.5795567791567189 3.240522017506553E-4 0.6575054194625114 0.5895883276229787 1.1141608918983234E-4 1.7520134099849585 1392
0.5814833666620747 3.173096416582452E-4 0.6055347575210592 0.5903231764428893 6.703628770268264E-5 1.8102482338410517 1328
0.5830807897186593 3.2494382418148663E-4 0.49943842329440913 0.5907316478998723 8.23767027102625E-5 1.7693169347684914 1381
0.5788828233571709 2.171349126412503E-4 0.5494746784834141 0.590627872200082 2.840437208941646E-5 1.8262357313228215 1356
0.5802132243686562 7.157535892152563E-5 0.538362859195058 0.5861287083546667 1.3971268345059335E-4 1.7276185541683702 1333
0.5805655504618517 1.8646695718988753E-4 0.45147735202775086 0.5861154648915886 1.0193116529504674E-4 1.7591552261384704 1366
0.5838717839023572 6.555361392610046E-4 0.4746855807098623 0.5914706292953438 1.2812238016022238E-5 1.7987052153922785 1358
0.5806847031869866 4.749668710575702E-4 0.5388590998813031 0.5889300371680002 9.022198036341218E-5 1.7216789277368822 1487
0.5840123299140016 1.7272601060799614E-4 0.5392934099315506 0.5910472613450589 7.652805523757688E-5 1.738726997678928 1360
0.5797323655648662 1.7630219306535839E-4 0.5640884683933306 0.5841601607914031 9.157713219335978E-5 1.7258369546598809 1456
0.5841192963465514 1.5678395495600855E-4 0.6271830611162708 0.5913062104518525 3.696947416493921E-5 1.7809099349162254 1379
0.5782117315285933 8.738450933576374E-5 0.5985166635564124 0.591012528489063 5.41577905405409E-5 1.7924101041077252 1337
0.5822039532909785 3.704217426938732E-4 0.566726255541581 0.5856796799933387 9.381484448285404E-5 1.7255692621061143 1340
0.5807280087346116 1.2328481185545792E-4 0.5276492977833706 0.5892064199772779 5.390640574630391E-5 1.8107334360588174 1374
0.5802923199427696 1.4828872004489556E-4 0.4169487228723029 0.5839338301996204 9.238536099171499E-5 1.7105285656075344 1445
0.5784312193440978 1.561963389527911E-4 0.5112920166151093 0.5829394364131842 8.538271092909965E-5 1.7151296572968127 1311
0.5823358305045853 2.4917955737230676E-4 0.38705888844109265 0.5833033913817961 1.0800926041657448E-4 1.7120246412673892 1349
0.5817851600057332 1.2053617646461657E-4 0.47733684598915765 0.5864679063124747 2.0349639261002048E-4 1.7594031184095578 1404
0.5803627274975636 1.7553287529746794E-4 0.5590958981913845 0.5906213369643104 4.081923717267374E-5 1.7573245212606148 1328
0.5807537460307811 1.5769290682646745E-4 0.5724654746326501 0.5840944624506207 6.746653378880032E-5 1.7113832985668764 1354
0.5833041602330634 2.4050533559403364E-4 0.5005346092350237 0.5886181526514598 8.921849162050837E-5 1.8011599603517643 1312
0.57957280970564 1.5386088927251407E-4 0.5199421374636097 0.5865786785587968 2.2887464938255657E-5 1.6946376150373934 1412
0.5820013225395072 1.3938942963961543E-4 0.5148905612041687 0.5858129795817898 1.6516871543083937E-4 1.7548718509073347 1331
0.580397383468433 1.2217792391210853E-4 0.6172579814282033 0.5901360572657341 1.3830824586319107E-4 1.7828920536564674 1363
0.5796060048591013 5.74892795643945E-4 0.49179561897016927 0.587980044542245 1.7069341504002417E-5 1.742773084904584 1377
0.5839966837907142 4.2140156368681404E-4 0.49995167148783426 0.5851453475839148 1.381580067269399E-4 1.7540843544145883 1329
0.5832073618585226 2.433481602854121E-4 0.45828646634487835 0.5836607150082289 1.0843372912846992E-4 1.794507463745622 1327
0.5849707222398511 1.22120122389914E-4 0.4790464134711339 0.5900007971065512 9.154904720705717E-5 1.8022400627390631 1347
0.5801928882526387 1.1918603321871107E-4 0.40750734065347705 0.5843011104499632 3.7240084000622345E-5 1.7106104535441253 1390
0.5836550447301329 2.0166750371393487E-4 0.5510014240041667 0.5830995496895791 1.6057400046907356E-4 1.72332123965793 1313
0.5782380454632132 1.397636044359854E-4 0.4259653078425258 0.5854249980110778 1.1026682374570924E-4 1.7659730606164499 1352
0.5782762381499117 2.7462571081908845E-4 0.5912360288739428 0.5890891317164659 6.569965671434952E-5 1.8007013374005036 1382
0.5840363757373835 2.1409011194430303E-4 0.49191080810359167 0.589536891473203 8.755939396746787E-5 1.7477871542802703 1317
0.5797729416904928 2.991439454840468E-4 0.45482942612754534 0.5892132819748378 1.0556908635041729E-4 1.7718562658023513 1323
0.5829288262656969 1.3925023069299902E-4 0.5520360245499568 0.5909384112269046 9.696449469738247E-5 1.758761569315384 1358
0.5826013340684321 1.7849345305620334E-4 0.4762167424891686 0.5851498838063913 1.6649257231003955E-4 1.759814406824668 1408
0.5792088355157464 1.77097309121459E-4 0.5550219617856621 0.5892358093169665 6.838402173467309E-5 1.7420151360786422 1341
0.5801798370023782 1.8057256116217144E-4 0.5983719305436389 0.5862681010894105 2.489350082146093E-4 1.7495220341809483 1368
0.5843231188174867 1.8640924617830906E-4 0.5005866887404891 0.5882310937022684 1.9971282748502687E-4 1.623642321096434 1355
0.5801099868647526 1.9401666260520013E-4 0.5435392567734944 0.5912524100844302 1.2944637487327763E-5 1.7485874213426453 1367
0.5778945803808723 8.634439265034998E-5 0.512422616344784 0.5874585327277017 5.76517377444977E-5 1.7213662958127465 1333
0.579846943624961 3.6864206998036555E-4 0.5732275618750748 0.5878541067046771 7.048428218158512E-5 1.718496528623151 1358
0.5793718896482384 8.268116692181872E-5 0.5247900886290926 0.5847987109900965 1.3530341509547685E-4 1.7477043980612217 1333
0.5833356254711737 1.0687805045104738E-4 0.5229431186734057 0.5833667062836502 1.5489259241375735E-4 1.6960739259669808 1335
0.5835573237340713 6.587848699189686E-4 0.4561444530940494 0.5904287781644395 5.218304995150607E-5 1.804680056665217 1388
0.5796791802784574 3.2037476473455954E-4 0.5411589231051028 0.5881154392503992 1.2153108476358673E-4 1.755212132596889 1380
0.5807144769523088 3.2709911232342174E-4 0.42293858895087183 0.5866291152019252 2.9725081587805543E-5 1.6947672258460655 1379
0.5815065283064991 3.6972432512198314E-4 0.5090225056353458 0.5904664326552508 1.1209264532857593E-4 1.8002828958311103 1339
0.5826418333089318 1.259251683036359E-4 0.5839264219378849 0.589691411356629 1.2554012410157572E-4 1.7461872218299082 1324
0.5793181661659426 2.1018402456844068E-4 0.6825671278264215 0.5859747074458462 1.0997995852094766E-4 1.7560804474117915 1341
0.5791839247346889 1.2975263003928419E-4 0.5942598080577269 0.5878274467869868 2.8623237580122493E-5 1.7489546354335814 1344
0.5830106704830905 1.0379192507204701E-4 0.482172662821505 0.5906003281034342 6.597795122827414E-5 1.7733149550985376 1380
0.5836834730057375 3.5266079168022417E-4 0.5470766242563634 0.5806667697311788 9.07739851478553E-5 1.6837867731527267 1319
0.5811553362689227 2.853194855456683E-4 0.559573643242686 0.5904811561570179 5.434318717977871E-5 1.7874814447911245 1430
0.5789742589941229 1.1273721998034498E-4 0.5531453539042281 0.5878572205523092 5.6111563606344306E-5 1.7108530079794462 1322
0.5830199735834235 1.758837843473546E-4 0.5394081355227704 0.5909131736840588 4.6004839161496044E-5 1.773278011795944 1412
0.5791758325751016 7.002851405943316E-5 0.4577773788208947 0.5857513177101604 2.58373811860515E-4 1.818652592934714 1322
0.5832814214568357 2.3678372099225495E-4 0.5664622264706553 0.5905820294432745 8.987093013626713E-5 1.7716306860819384 1362
0.5809248346590153 2.0313746884155468E-4 0.419883920996338 0.5913534371409407 2.206540115691308E-5 1.7426109667808254 1378
0.5792012046669194 3.34935987912051E-4 0.6595172888066505 0.590703546386056 4.774584565291858E-5 1.771100150925758 1339
0.580018647334209 2.1531328152056946E-4 0.5042548276288001 0.5895768525178159 1.6942249343272314E-4 1.7875697689605814 1327
0.5834548358601533 3.1932560718141503E-4 0.4362216226358691 0.5912038379056246 3.473308632658967E-5 1.7807470725520365 1321
0.5839090731888165 2.461843214257978E-4 0.5137643616266657 0.5909579016065282 3.642257663602122E-5 1.8046949301245903 1351
0.5844092493806949 3.91699819486495E-4 0.5867815353797954 0.5896898352115312 1.0143638746623344E-4 1.8146734184583893 1327
0.5845918131140923 1.8764439527784024E-4 0.5616849260273151 0.5901337699332141 2.87287501569181E-5 1.775343446341152 1392
0.5825769038194166 2.1309202779470104E-4 0.42957509993425763 0.5895044075071639 7.338982455692916E-5 1.82982982982984 1330
0.5788795365180036 2.827159963277501E-4 0.4749019955960391 0.5901184121291515 7.28891788607695E-5 1.7658920467756916 1350
0.584683806168213 7.516469720165339E-5 0.487758625909471 0.5901126841872109 7.054540440128756E-5 1.812715030475011 1382
0.5801379730508788 9.811662446557163E-5 0.5050190281146483 0.5894311744239625 3.691105769787001E-5 1.7804332455649434 1385
0.5847916375584383 2.908136556777205E-4 0.5561015910349366 0.5898442782098305 7.526609659312114E-5 1.8107363779960246 1352
0.5815558308940084 6.976428276106756E-4 0.46591323026805975 0.5900369138948285 5.157579225785373E-5 1.8122516961172355 1315
0.5837275474046301 1.3508506142125248E-4 0.5274711485138006 0.5891150227828889 3.725391292973025E-5 1.758794386523094 1356
0.5800761574089957 1.846190029837906E-4 0.5665837216683294 0.5845236352279731 8.346401763302214E-6 1.6838161984308193 1362
0.5797644266627087 1.8833979121933933E-4 0.5847915561385489 0.588109211555135 4.403822779716622E-5 1.7938822374391623 1369
0.5785322848431717 1.8478736840247972E-4 0.5672310951622671 0.5916390461654244 3.758201833886996E-5 1.7937937937938297 1408
0.5785402808963505 1.3548213451380087E-4 0.5271629323560251 0.5900251889130035 1.520452025938071E-5 1.7570243570890334 1367
0.5762831642312244 1.9446277955462496E-4 0.6104075163266498 0.5873348245588089 1.1851322185002249E-4 1.7198671370158165 1370
0.5822178310563514 1.8334199397408376E-4 0.5278565659001436 0.5900515989540319 9.177393496109954E-5 1.7567787704913276 1339
0.584464702778342 1.5602451162855552E-4 0.5194312208880453 0.5819900396471611 1.9628798949483274E-4 1.738677440723383 1325
0.5804571616544578 1.1965878797735678E-4 0.5712294003827956 0.5864172390139661 6.113041646983214E-5 1.6973045080628777 1374
