0.0 0.0 
31725.0 -6383.0 
31435.0 -6379.0 
27985.0 -6063.0 
27490.0 -5868.0 
34440.0 -6867.0 
29840.0 -6166.0 
34355.0 -6789.0 
27710.0 -5888.0 
25675.0 -5592.0 
29365.0 -6090.0 
36705.0 -7087.0 
6550.0 -1951.0 
30115.0 -6341.0 
29595.0 -6105.0 
25270.0 -5579.0 
21320.0 -4994.0 
2770.0 -910.0 
22405.0 -5206.0 
31815.0 -6394.0 
30335.0 -6361.0 
740.0 -380.0 
6210.0 -1899.0 
32405.0 -6571.0 
8470.0 -2444.0 
3910.0 -1294.0 
15135.0 -3874.0 
1740.0 -650.0 
14720.0 -3762.0 
2310.0 -770.0 
32465.0 -6639.0 
9950.0 -2961.0 
23975.0 -5539.0 
24980.0 -5575.0 
20610.0 -4810.0 
1140.0 -384.0 
28300.0 -6065.0 
2880.0 -1034.0 
7520.0 -2194.0 
1880.0 -764.0 
7240.0 -2164.0 
14250.0 -3726.0 
11605.0 -3163.0 
23235.0 -5278.0 
5680.0 -1790.0 
29465.0 -6096.0 
17775.0 -4433.0 
8950.0 -2691.0 
27620.0 -5877.0 
32320.0 -6493.0 
15980.0 -4037.0 
10380.0 -2967.0 
9750.0 -2830.0 
26010.0 -5835.0 
7500.0 -2173.0 
15750.0 -4022.0 
5140.0 -1660.0 
8810.0 -2554.0 
22355.0 -5102.0 
21215.0 -4968.0 
12020.0 -3296.0 
21655.0 -5051.0 
19345.0 -4766.0 
7550.0 -2198.0 
18695.0 -4521.0 
3110.0 -1130.0 
4680.0 -1520.0 
16045.0 -4122.0 
5480.0 -1684.0 
25360.0 -5590.0 
20675.0 -4895.0 
23165.0 -5264.0 
9490.0 -2821.0 
3450.0 -1154.0 
2710.0 -774.0 
7950.0 -2430.0 
13250.0 -3662.0 
15615.0 -3924.0 
11540.0 -3130.0 
4450.0 -1424.0 
18605.0 -4505.0 
11985.0 -3257.0 
6690.0 -2065.0 
15015.0 -3862.0 
12220.0 -3402.0 
16875.0 -4199.0 
16805.0 -4162.0 
4110.0 -1400.0 
6950.0 -2160.0 
5720.0 -1794.0 
23945.0 -5281.0 
25950.0 -5767.0 
14475.0 -3732.0 
29085.0 -6081.0 
5950.0 -1809.0 
10780.0 -3090.0 
17725.0 -4250.0 
18375.0 -4495.0 
11885.0 -3198.0 
7720.0 -2325.0 
8520.0 -2550.0 
13145.0 -3554.0 
14120.0 -3700.0 
8180.0 -2440.0 
