m_hvr	m_gd	m_sp	n_hvr	n_gd	n_sp	elapsedTime
0.6841024057757616 2.4513247871781513E-4 0.545406811329222 0.6542038053774317 6.236020489663626E-4 1.2659636441283273 3166
0.6840550166755162 2.3916706811315648E-4 0.5493680119390084 0.5867867640826787 0.006404637537213683 0.8007080229359048 1960
0.6837129436300662 2.3697782049778119E-4 0.5734922072717995 0.6320004322757463 0.0032732074459329522 0.8470016213368313 1940
0.684166680647359 2.4411525112630133E-4 0.5046596185795489 0.2740558511594424 0.17513287052291535 1.0 1944
0.6841957677502682 1.8418397290954322E-4 0.4878523414905384 0.4968847385962761 0.019366333133654216 0.7750720777221928 1947
0.6840672180070735 2.6799955012085625E-4 0.513570553286007 0.4961594130113692 0.0189202655581996 0.8963562485719069 1983
0.6839518500595794 2.6041500069948757E-4 0.5070215038380359 0.5601494053049211 0.00962730793885524 0.7884876794505017 1933
0.6838061966641121 2.503380978758408E-4 0.5161221162132146 0.6012242075289623 0.004230624380319933 0.846686189777456 1978
0.6837736234664723 2.48427318466748E-4 0.5373433625928216 0.6126913893242272 0.0038825844455583937 0.858160096002743 1991
0.683978322591441 2.459992938896062E-4 0.5227591136129077 0.5988633588130543 0.004807353057183384 0.9293559401293361 1950
0.6842906548912197 2.490110982276456E-4 0.5219655484719193 0.2819275620018289 0.15341720736252332 0.8876859023070671 1969
0.6837175191293999 1.971445214236109E-4 0.5325518824507052 0.5102946556206849 0.022261573653076374 0.7884302466092162 2014
0.6841784462170754 2.7397236286705697E-4 0.4656703624848901 0.6159143928432215 0.003522767141765853 0.9272473074057364 1999
0.68382504336375 2.545416483184364E-4 0.5232475919954236 0.5957759861671761 0.0055777181685680135 0.824335658354828 1997
0.6839102348037315 2.5953559447493957E-4 0.5032007860025591 0.6007487913600625 0.0033874390872610776 0.9182198067445021 1961
0.6842155949140489 2.5402990959793405E-4 0.49616383984108503 0.5320631384047152 0.012989334579689591 0.9414833322794618 1963
0.6839109973869542 2.7781802589827635E-4 0.49424689599905663 0.6228073825899638 0.002605364389712163 0.9386713696375701 1976
0.6842361846610523 2.4188964277143196E-4 0.4820527432017425 0.5117776621072179 0.014512266320402626 0.9051345385895078 2137
0.6842069886176828 2.4000888682058E-4 0.515384681778894 0.599497719113582 0.004598184237631181 0.8261693538525747 2071
0.6843093926503971 2.3592425875574552E-4 0.5186639604315014 0.5618444099272647 0.011304421308155238 0.9014683820039048 1975
0.6839826802098543 2.09873234764548E-4 0.49911257566157724 0.5725582684393165 0.00877529026761718 0.7887641607107005 1970
0.6839075112922233 2.7307651043015303E-4 0.5029253007055665 0.5870142317638575 0.005660497725265852 0.8378086705366588 1989
0.684190429667712 2.4542207648517276E-4 0.4947188968152579 0.6260871440887926 0.003739864049903485 0.9097033405929407 1979
0.6836570571739143 2.9921064071620525E-4 0.5570587936021131 0.5855277391825935 0.007079822402980835 0.8128529484086545 2038
0.6839996749216664 2.941841904645058E-4 0.5187857572368664 0.5494891454993536 0.01133315218052158 0.7835200547834203 1928
0.6839957530650941 2.6098793074065497E-4 0.5185886042620907 0.5431529504453814 0.010209261249731125 0.8375753855459952 1936
0.6840264742749085 2.7090425661497794E-4 0.4594538247261039 0.555139015653219 0.011132336565324849 0.9347670079391855 1954
0.6840915117297283 2.9842407388160807E-4 0.5485663277962641 0.6234308488444577 0.0036746204394468122 0.8446241800649668 1942
0.6841974018571731 1.9958530527154657E-4 0.5007836531182234 0.5725260220630576 0.00760103206637502 0.8913723092495426 1973
0.6838660049768358 2.4293187609155927E-4 0.5343973359783489 0.6095543398284363 0.004717027556933275 0.9432720697230952 1946
0.683973202389805 2.5047456706807044E-4 0.5033552082355934 0.5632225067504957 0.011677500174758644 0.8981386444303024 1948
0.6838120794489703 2.906414839246596E-4 0.4936761154926434 0.5379502808811889 0.012432552346809718 0.7947091629276518 1949
0.6837725340618689 2.7003910961785155E-4 0.5218037246981236 0.5844463961733141 0.006678040968765719 0.8382775080431242 1948
0.6839485818457695 2.693200500735574E-4 0.5284499694061443 0.5182917569329165 0.015451778863703625 0.92327947464403 1971
0.68444709339226 2.293459918434076E-4 0.5085410186332477 0.5851589757243615 0.0056243931942739495 0.943427208057981 1968
0.6839717861638207 2.627363014155238E-4 0.5472982595759368 0.5737085707599886 0.008502318858113343 0.8097722445551148 1952
0.6841411885796406 2.6169443961559553E-4 0.5016156477232891 0.618950890294124 0.002576755230447556 0.9896278629697304 1968
0.6839161175885896 2.516982854686926E-4 0.49753292709158436 0.602765497161774 0.004417460139433818 0.9119778739502086 1958
0.6837238376760995 2.6368255841506565E-4 0.5043345432505906 0.41304100104953234 0.06013783017297283 0.7380638712955939 1972
0.6843672400348347 2.508482375735776E-4 0.5110481695755899 0.543245005134364 0.011793347250497832 0.7984416298138759 2022
0.6837719893595674 2.625002242341655E-4 0.5069137432387983 0.5765288213971264 0.010172071117811682 0.8429399790516117 1936
0.6841521915661344 2.866633561426103E-4 0.520366329144815 0.6208373033052752 0.003824279155762831 0.9233247038148704 1998
0.6843100462931591 2.5234530568495143E-4 0.4912245653417811 0.5684444587761673 0.005879242942611193 0.9818837142771832 1970
0.6838876841284426 2.4016796124993106E-4 0.5323506472818965 0.5314801980014654 0.01221836063837754 0.8353814242613823 1951
0.6838956367820469 2.484896806112367E-4 0.5199455421416316 0.4771111735218903 0.02630287439436249 0.8342105536408242 2004
0.6842733333580262 2.356845631091433E-4 0.5085285924527437 0.5689608365581527 0.009615069315218217 0.885922304066701 2009
0.6840186305617645 2.635187416555487E-4 0.5208242688334797 0.5417256125340791 0.013360576697925591 0.8286185911760026 2304
0.6835863548151574 2.962062773441777E-4 0.5359654412528179 0.5562608845137432 0.00952502387975529 0.8114439634138233 1982
0.6837244913188613 1.879062516432164E-4 0.5197208029408076 0.590183854457288 0.007597900651387106 0.7664255061300761 2014
0.6841073080964767 2.541613881078897E-4 0.5442550954646244 0.6084463064063748 0.0038001895319200864 0.9481168743422707 1943
0.6840964140504434 2.660009962407251E-4 0.5284110084013366 0.5129879906215337 0.01932028510727802 0.8058518261949156 1992
0.6839468387984042 2.6392043338592606E-4 0.5048883757403753 0.6050187127028717 0.0048682734421429865 0.7895383790357596 1939
0.6842414138031482 2.653727602267075E-4 0.499876235341689 0.5588246893072542 0.011582406601118018 0.743668236918179 1986
0.6841718008489945 2.4108061579768556E-4 0.5244163667774038 0.58534090629312 0.005299262174124917 0.9061214458317893 2148
0.6840378040827833 2.5532980565348657E-4 0.49716798990652783 0.5553973134846721 0.012656406582034166 0.9423849000941671 2111
0.683845524170293 2.2888636768186448E-4 0.47570691490794254 0.5972713029257268 0.004331281915215538 0.8438439472747582 1990
0.6838794046534572 2.4111466687194857E-4 0.527127547423022 0.5770523892494936 0.0054889919704606315 1.014133530116094 1956
0.683782011881918 2.858296084902804E-4 0.5236617515592183 0.6097944446030134 0.0037387269110617707 0.878798933775874 1941
0.684196639273951 2.6754578427822483E-4 0.496998123271173 0.5758857458597721 0.007067179179793206 0.9035013386050793 2073
0.6843086300671749 2.611019678502389E-4 0.47147607467569413 0.6275316945928272 0.002475813606973159 0.9913017040249894 2021
0.6840184126808438 2.569822761295521E-4 0.5148124485022906 0.5982580856154365 0.005189487370445764 0.8956361549406787 2242
0.6839935742558876 1.8566421927751386E-4 0.5236148303843953 0.6337178786329191 0.0015598622533507648 1.150374258100402 2039
0.6840909670274263 2.5465439592392574E-4 0.5194947059351996 0.47780305438547443 0.024290180284253463 0.8366488864277453 2501
0.683738435697784 3.066969175599635E-4 0.526261446722102 0.6008265748487415 0.004958267448418284 0.8299513945039408 2200
0.6838852874383151 2.0851015163291217E-4 0.48188657899958387 0.5692909261529655 0.008991389558259831 0.9314342501283265 2125
0.6836827671225532 2.771079829456322E-4 0.529011345798111 0.5927424301087029 0.003764302706825103 0.9208865804431375 1959
0.6840466282600701 2.7128217419686713E-4 0.4866169037783763 0.45865262874420193 0.026012988568506725 0.849256047711483 1944
0.6841470713644986 2.635701285118543E-4 0.5189669299011679 0.5869403701317504 0.005922383820145381 0.8253042185422994 2035
0.6846050570597448 2.3758797346536847E-4 0.4897733663830577 0.5612854364252885 0.011620712447148181 0.8526758892692159 2071
0.6839430258822923 2.570687143509673E-4 0.520437442644783 0.5808719507292802 0.004697689674082462 0.9002524540975193 1961
0.6841176574402082 2.8699746489806535E-4 0.49662952031209057 0.560205727522914 0.013805194962022253 0.7482721268287925 1981
0.6839807192815679 2.7155498813388865E-4 0.5221350770938671 0.554735827009521 0.010873411554225701 0.8293854701197192 1926
0.6839123046724781 2.4475889453647737E-4 0.5307916904283094 0.5814374606588762 0.0045363822641434825 0.9662107958967351 1951
0.6839206930879238 2.4570956953524366E-4 0.49330706270403457 0.5925969945941565 0.006204309068961771 0.7848543866861231 2100
0.684050114354801 2.460850558278595E-4 0.5051481279758953 0.5684253941956083 0.01001879946150941 0.7456721035071732 1969
0.6841284425457815 2.588615033472144E-4 0.4722017514582205 0.5852937350737951 0.005860684778375911 0.9192940390869383 2004
0.6842043740466346 2.0540584566289047E-4 0.4678204172532055 0.5485382042210941 0.011657503223029098 0.902102699663942 1905
0.6841100316079849 2.4371603415932706E-4 0.5362537452169052 0.6045450395813373 0.0054809138968555556 0.8145380704945931 1891
0.6838411665518798 2.7395858234546073E-4 0.5418989501487157 0.5077385855998579 0.01985672010091253 0.8546944276753567 2068
0.6842896744270764 2.5504069693472683E-4 0.530556872981998 0.6168155483311084 0.003415522011918895 0.9122699919006179 2031
0.6838301635653857 2.912872459819682E-4 0.5021151255921742 0.6303332074707884 0.0024561256596456645 0.9699981339775395 2626
0.68430710490073 2.398586591351934E-4 0.5007327617507692 0.6291700501757971 0.0028691425193124232 0.9479744271498604 2672
0.6841256100938129 2.3773145734142924E-4 0.5243986339576338 0.6016866597830822 0.0038525811633431874 0.961532495955324 2099
0.6843998132324748 2.404894126701853E-4 0.47390229050211985 0.5715758433680207 0.008235136983109886 0.9079791600672021 1975
0.6837241644974804 1.9921779204641854E-4 0.5463228041219177 0.5973196724901153 0.003960380969633238 0.9437340790825751 1982
0.6840242954657019 2.5873583925927005E-4 0.5018172542378463 0.5836928550091802 0.006180819803557459 0.84940179380768 2067
0.6839542467497066 2.750123574925121E-4 0.48681239698368967 0.5657338022421255 0.008729686059825624 0.893602711593756 2043
0.6840342090475919 2.703036919567016E-4 0.5121735905870156 0.5520014214551267 0.007068645312791571 0.9159487948421656 2008
0.684321485041494 1.9871837862970755E-4 0.48602022096566355 0.513230492086238 0.01191589502014105 0.9475922511860962 1902
0.6836524816745801 2.589275717577161E-4 0.5231191493117459 0.5571453721111984 0.00870619439295428 0.8932878175667496 1885
0.6840545809136747 1.9703907499973695E-4 0.4999868972215598 0.6000276055126487 0.004296724242306393 0.9846758250632005 1944
0.6835702316270279 2.206981083492013E-4 0.517608992494995 0.6028373978655949 0.005558785815943897 0.8809691642646188 1911
0.6839843143167591 2.3751711479544387E-4 0.5386666621206723 0.6108268733456025 0.0036969217498862743 0.842902724382975 2030
0.6842003432496024 2.3462094797582463E-4 0.5138320499977812 0.495580503405152 0.023675892250867896 0.8198216259393696 1914
0.6840670001261528 2.4952941624860895E-4 0.5019879439349956 0.5376152889656605 0.010462084904016867 0.8988880217206925 1845
0.6842978449616017 2.922514824232196E-4 0.4806226952453467 0.6139603278062028 0.0049713630246699244 0.8401240071704852 1968
0.6843062333770474 2.2543981870059687E-4 0.51181807431743 0.6233402103814591 0.002503252785923422 0.8767775188559944 2467
0.683974618615789 2.887374569539511E-4 0.5284272497503882 0.5403796531466472 0.011502151809129769 0.8047054823543107 1996
0.684184329001933 2.573751950635002E-4 0.5298988008190638 0.6159480554454653 0.004238716098503309 0.926211828368622 2084
0.6842058992130794 2.4548742902972187E-4 0.5074445233607603 0.4974007895568804 0.017364583652218397 0.9587017001253937 2039
