1417.0 -6478.0 
0.0 0.0 
876.0 -5383.0 
1394.0 -6412.0 
158.0 -1975.0 
1200.0 -6134.0 
1354.0 -6397.0 
669.0 -4891.0 
924.0 -5520.0 
1147.0 -6030.0 
29.0 -531.0 
276.0 -2817.0 
796.0 -5222.0 
901.0 -5454.0 
70.0 -1090.0 
240.0 -2623.0 
442.0 -3954.0 
526.0 -4361.0 
977.0 -5624.0 
1301.0 -6293.0 
299.0 -3063.0 
507.0 -4283.0 
617.0 -4705.0 
694.0 -4962.0 
1124.0 -5964.0 
130.0 -1722.0 
165.0 -2036.0 
717.0 -5028.0 
142.0 -1817.0 
642.0 -4776.0 
146.0 -1880.0 
20.0 -387.0 
5.0 -119.0 
692.0 -4957.0 
59.0 -939.0 
41.0 -696.0 
11.0 -227.0 
465.0 -4076.0 
392.0 -3648.0 
14.0 -263.0 
650.0 -4813.0 
271.0 -2763.0 
280.0 -2907.0 
135.0 -1729.0 
640.0 -4771.0 
137.0 -1736.0 
430.0 -3859.0 
32.0 -552.0 
177.0 -2131.0 
1331.0 -6331.0 
578.0 -4547.0 
287.0 -2968.0 
52.0 -847.0 
121.0 -1578.0 
440.0 -3906.0 
524.0 -4321.0 
1263.0 -6215.0 
484.0 -4161.0 
748.0 -5085.0 
771.0 -5151.0 
1343.0 -6336.0 
322.0 -3185.0 
337.0 -3274.0 
1048.0 -5757.0 
368.0 -3447.0 
349.0 -3369.0 
1280.0 -6255.0 
495.0 -4188.0 
1278.0 -6227.0 
47.0 -774.0 
228.0 -2528.0 
415.0 -3770.0 
453.0 -3981.0 
551.0 -4432.0 
1004.0 -5641.0 
318.0 -3141.0 
61.0 -946.0 
770.0 -5132.0 
99.0 -1372.0 
68.0 -1005.0 
119.0 -1571.0 
316.0 -3101.0 
1227.0 -6151.0 
383.0 -3504.0 
559.0 -4469.0 
409.0 -3686.0 
324.0 -3199.0 
1071.0 -5823.0 
428.0 -3811.0 
423.0 -3798.0 
263.0 -2745.0 
549.0 -4427.0 
57.0 -854.0 
86.0 -1248.0 
221.0 -2467.0 
373.0 -3492.0 
259.0 -2701.0 
115.0 -1530.0 
102.0 -1404.0 
391.0 -3576.0 
82.0 -1185.0 
333.0 -3208.0 
381.0 -3497.0 
482.0 -4113.0 
773.0 -5156.0 
594.0 -4583.0 
75.0 -1095.0 
459.0 -3992.0 
112.0 -1418.0 
1177.0 -6068.0 
156.0 -1892.0 
899.0 -5449.0 
461.0 -4032.0 
845.0 -5326.0 
372.0 -3491.0 
501.0 -4191.0 
503.0 -4239.0 
411.0 -3726.0 
194.0 -2169.0 
