1343.0 -6336.0 
29.0 -531.0 
1343.0 -6336.0 
1280.0 -6255.0 
1112.0 -5869.0 
38.0 -614.0 
1177.0 -6068.0 
1071.0 -5823.0 
1147.0 -6030.0 
1124.0 -5964.0 
924.0 -5520.0 
717.0 -5028.0 
1200.0 -6134.0 
977.0 -5624.0 
845.0 -5326.0 
796.0 -5222.0 
1227.0 -6151.0 
1048.0 -5757.0 
1257.0 -6189.0 
1004.0 -5641.0 
669.0 -4891.0 
1227.0 -6151.0 
614.0 -4631.0 
617.0 -4705.0 
872.0 -5334.0 
744.0 -5036.0 
177.0 -2131.0 
299.0 -3063.0 
1004.0 -5641.0 
1101.0 -5861.0 
1147.0 -6030.0 
1071.0 -5823.0 
1177.0 -6068.0 
924.0 -5520.0 
796.0 -5222.0 
633.0 -4709.0 
1032.0 -5674.0 
952.0 -5553.0 
165.0 -2036.0 
287.0 -2968.0 
482.0 -4114.0 
392.0 -3648.0 
465.0 -4076.0 
507.0 -4283.0 
1124.0 -5964.0 
1200.0 -6134.0 
977.0 -5624.0 
898.0 -5430.0 
770.0 -5132.0 
748.0 -5085.0 
876.0 -5383.0 
665.0 -4842.0 
524.0 -4321.0 
526.0 -4361.0 
165.0 -2036.0 
287.0 -2968.0 
158.0 -1975.0 
598.0 -4627.0 
1280.0 -6255.0 
820.0 -5255.0 
578.0 -4547.0 
845.0 -5326.0 
717.0 -5028.0 
41.0 -696.0 
57.0 -854.0 
59.0 -939.0 
70.0 -1090.0 
130.0 -1722.0 
692.0 -4957.0 
954.0 -5558.0 
901.0 -5454.0 
773.0 -5156.0 
694.0 -4962.0 
822.0 -5260.0 
280.0 -2907.0 
650.0 -4813.0 
543.0 -4399.0 
1048.0 -5757.0 
240.0 -2623.0 
82.0 -1185.0 
142.0 -1817.0 
146.0 -1880.0 
442.0 -3954.0 
349.0 -3369.0 
484.0 -4161.0 
68.0 -1005.0 
380.0 -3553.0 
156.0 -1892.0 
32.0 -536.0 
41.0 -696.0 
47.0 -774.0 
52.0 -847.0 
77.0 -1104.0 
137.0 -1736.0 
391.0 -3576.0 
128.0 -1637.0 
268.0 -2812.0 
217.0 -2415.0 
236.0 -2571.0 
209.0 -2372.0 
228.0 -2528.0 
1101.0 -5861.0 
142.0 -1817.0 
82.0 -1185.0 
86.0 -1248.0 
669.0 -4891.0 
278.0 -2834.0 
50.0 -779.0 
66.0 -953.0 
205.0 -2320.0 
1263.0 -6215.0 
299.0 -3063.0 
177.0 -2131.0 
559.0 -4469.0 
110.0 -1427.0 
954.0 -5558.0 
822.0 -5260.0 
773.0 -5156.0 
901.0 -5454.0 
694.0 -4962.0 
692.0 -4957.0 
430.0 -3859.0 
337.0 -3274.0 
193.0 -2214.0 
594.0 -4583.0 
640.0 -4771.0 
436.0 -3862.0 
318.0 -3141.0 
259.0 -2701.0 
343.0 -3277.0 
335.0 -3226.0 
428.0 -3811.0 
158.0 -1975.0 
280.0 -2907.0 
205.0 -2320.0 
568.0 -4470.0 
201.0 -2257.0 
102.0 -1404.0 
366.0 -3407.0 
501.0 -4199.0 
459.0 -3992.0 
347.0 -3321.0 
440.0 -3906.0 
373.0 -3492.0 
224.0 -2476.0 
221.0 -2467.0 
543.0 -4399.0 
650.0 -4813.0 
310.0 -3090.0 
403.0 -3675.0 
126.0 -1585.0 
265.0 -2759.0 
1040.0 -5705.0 
68.0 -1005.0 
209.0 -2372.0 
228.0 -2528.0 
217.0 -2415.0 
236.0 -2571.0 
97.0 -1287.0 
98.0 -1343.0 
495.0 -4188.0 
453.0 -3981.0 
360.0 -3397.0 
461.0 -4032.0 
368.0 -3447.0 
503.0 -4239.0 
189.0 -2162.0 
507.0 -4283.0 
465.0 -4076.0 
1257.0 -6189.0 
318.0 -3141.0 
259.0 -2701.0 
360.0 -3397.0 
198.0 -2221.0 
495.0 -4188.0 
453.0 -3981.0 
387.0 -3554.0 
368.0 -3447.0 
503.0 -4239.0 
461.0 -4032.0 
440.0 -3906.0 
347.0 -3321.0 
322.0 -3185.0 
415.0 -3770.0 
263.0 -2745.0 
188.0 -2158.0 
251.0 -2650.0 
276.0 -2817.0 
748.0 -5085.0 
876.0 -5383.0 
770.0 -5132.0 
898.0 -5430.0 
119.0 -1571.0 
1263.0 -6215.0 
115.0 -1530.0 
411.0 -3726.0 
372.0 -3491.0 
526.0 -4361.0 
524.0 -4321.0 
482.0 -4114.0 
665.0 -4842.0 
595.0 -4585.0 
312.0 -3104.0 
551.0 -4432.0 
642.0 -4776.0 
115.0 -1530.0 
410.0 -3703.0 
578.0 -4547.0 
240.0 -2623.0 
576.0 -4507.0 
127.0 -1625.0 
111.0 -1467.0 
154.0 -1885.0 
99.0 -1372.0 
1032.0 -5674.0 
952.0 -5553.0 
820.0 -5255.0 
253.0 -2664.0 
411.0 -3726.0 
324.0 -3199.0 
312.0 -3104.0 
417.0 -3784.0 
594.0 -4583.0 
642.0 -4776.0 
551.0 -4432.0 
1040.0 -5705.0 
114.0 -1499.0 
330.0 -3213.0 
423.0 -3798.0 
349.0 -3369.0 
549.0 -4427.0 
253.0 -2664.0 
99.0 -1372.0 
200.0 -2253.0 
559.0 -4469.0 
102.0 -1404.0 
423.0 -3798.0 
330.0 -3213.0 
405.0 -3689.0 
640.0 -4771.0 
442.0 -3954.0 
484.0 -4161.0 
403.0 -3675.0 
310.0 -3090.0 
96.0 -1256.0 
97.0 -1287.0 
633.0 -4709.0 
873.0 -5359.0 
745.0 -5061.0 
574.0 -4498.0 
98.0 -1343.0 
64.0 -942.0 
574.0 -4498.0 
380.0 -3553.0 
373.0 -3492.0 
415.0 -3770.0 
322.0 -3185.0 
263.0 -2745.0 
47.0 -774.0 
549.0 -4427.0 
32.0 -536.0 
392.0 -3648.0 
251.0 -2650.0 
188.0 -2158.0 
1034.0 -5679.0 
1038.0 -5700.0 
1261.0 -6210.0 
135.0 -1729.0 
75.0 -1097.0 
77.0 -1104.0 
121.0 -1578.0 
137.0 -1736.0 
747.0 -5066.0 
875.0 -5364.0 
899.0 -5449.0 
771.0 -5151.0 
568.0 -4470.0 
110.0 -1427.0 
265.0 -2759.0 
221.0 -2467.0 
224.0 -2476.0 
391.0 -3576.0 
278.0 -2834.0 
193.0 -2214.0 
119.0 -1571.0 
112.0 -1479.0 
114.0 -1499.0 
91.0 -1253.0 
417.0 -3784.0 
324.0 -3199.0 
405.0 -3689.0 
146.0 -1880.0 
86.0 -1248.0 
1261.0 -6210.0 
1038.0 -5700.0 
91.0 -1253.0 
1034.0 -5679.0 
428.0 -3811.0 
335.0 -3226.0 
189.0 -2162.0 
201.0 -2257.0 
128.0 -1637.0 
112.0 -1479.0 
436.0 -3862.0 
343.0 -3277.0 
501.0 -4199.0 
459.0 -3992.0 
95.0 -1254.0 
366.0 -3407.0 
372.0 -3491.0 
387.0 -3554.0 
410.0 -3703.0 
268.0 -2812.0 
617.0 -4705.0 
598.0 -4627.0 
614.0 -4631.0 
127.0 -1625.0 
111.0 -1467.0 
130.0 -1722.0 
70.0 -1090.0 
52.0 -847.0 
121.0 -1578.0 
57.0 -854.0 
135.0 -1729.0 
198.0 -2221.0 
156.0 -1892.0 
75.0 -1097.0 
595.0 -4585.0 
252.0 -2654.0 
276.0 -2817.0 
154.0 -1885.0 
50.0 -779.0 
200.0 -2253.0 
744.0 -5036.0 
872.0 -5334.0 
59.0 -939.0 
430.0 -3859.0 
337.0 -3274.0 
64.0 -942.0 
575.0 -4505.0 
126.0 -1585.0 
576.0 -4507.0 
873.0 -5359.0 
745.0 -5061.0 
771.0 -5151.0 
899.0 -5449.0 
875.0 -5364.0 
747.0 -5066.0 
252.0 -2654.0 
575.0 -4505.0 
96.0 -1256.0 
95.0 -1254.0 
32.0 -536.0 
1343.0 -6336.0 
1124.0 -5964.0 
1227.0 -6151.0 
1004.0 -5641.0 
1071.0 -5823.0 
1147.0 -6030.0 
1177.0 -6068.0 
1101.0 -5861.0 
924.0 -5520.0 
796.0 -5222.0 
1200.0 -6134.0 
977.0 -5624.0 
41.0 -696.0 
287.0 -2968.0 
165.0 -2036.0 
1280.0 -6255.0 
717.0 -5028.0 
845.0 -5326.0 
1048.0 -5757.0 
82.0 -1185.0 
142.0 -1817.0 
669.0 -4891.0 
299.0 -3063.0 
177.0 -2131.0 
773.0 -5156.0 
901.0 -5454.0 
954.0 -5558.0 
694.0 -4962.0 
822.0 -5260.0 
692.0 -4957.0 
158.0 -1975.0 
280.0 -2907.0 
205.0 -2320.0 
543.0 -4399.0 
650.0 -4813.0 
68.0 -1005.0 
228.0 -2528.0 
209.0 -2372.0 
217.0 -2415.0 
236.0 -2571.0 
507.0 -4283.0 
465.0 -4076.0 
1257.0 -6189.0 
259.0 -2701.0 
318.0 -3141.0 
360.0 -3397.0 
495.0 -4188.0 
453.0 -3981.0 
368.0 -3447.0 
461.0 -4032.0 
503.0 -4239.0 
347.0 -3321.0 
440.0 -3906.0 
876.0 -5383.0 
748.0 -5085.0 
898.0 -5430.0 
770.0 -5132.0 
1263.0 -6215.0 
526.0 -4361.0 
524.0 -4321.0 
482.0 -4114.0 
665.0 -4842.0 
115.0 -1530.0 
578.0 -4547.0 
240.0 -2623.0 
820.0 -5255.0 
1032.0 -5674.0 
952.0 -5553.0 
411.0 -3726.0 
312.0 -3104.0 
594.0 -4583.0 
642.0 -4776.0 
551.0 -4432.0 
1040.0 -5705.0 
349.0 -3369.0 
253.0 -2664.0 
99.0 -1372.0 
559.0 -4469.0 
102.0 -1404.0 
330.0 -3213.0 
423.0 -3798.0 
640.0 -4771.0 
442.0 -3954.0 
484.0 -4161.0 
310.0 -3090.0 
403.0 -3675.0 
97.0 -1287.0 
633.0 -4709.0 
98.0 -1343.0 
574.0 -4498.0 
380.0 -3553.0 
373.0 -3492.0 
322.0 -3185.0 
263.0 -2745.0 
415.0 -3770.0 
47.0 -774.0 
549.0 -4427.0 
392.0 -3648.0 
251.0 -2650.0 
188.0 -2158.0 
77.0 -1104.0 
137.0 -1736.0 
568.0 -4470.0 
110.0 -1427.0 
265.0 -2759.0 
221.0 -2467.0 
224.0 -2476.0 
391.0 -3576.0 
278.0 -2834.0 
193.0 -2214.0 
119.0 -1571.0 
114.0 -1499.0 
324.0 -3199.0 
417.0 -3784.0 
405.0 -3689.0 
146.0 -1880.0 
86.0 -1248.0 
1261.0 -6210.0 
1038.0 -5700.0 
1034.0 -5679.0 
91.0 -1253.0 
428.0 -3811.0 
335.0 -3226.0 
189.0 -2162.0 
201.0 -2257.0 
128.0 -1637.0 
112.0 -1479.0 
436.0 -3862.0 
343.0 -3277.0 
459.0 -3992.0 
501.0 -4199.0 
366.0 -3407.0 
372.0 -3491.0 
387.0 -3554.0 
410.0 -3703.0 
268.0 -2812.0 
617.0 -4705.0 
598.0 -4627.0 
614.0 -4631.0 
127.0 -1625.0 
111.0 -1467.0 
130.0 -1722.0 
70.0 -1090.0 
52.0 -847.0 
121.0 -1578.0 
198.0 -2221.0 
75.0 -1097.0 
135.0 -1729.0 
156.0 -1892.0 
57.0 -854.0 
595.0 -4585.0 
276.0 -2817.0 
154.0 -1885.0 
50.0 -779.0 
200.0 -2253.0 
872.0 -5334.0 
744.0 -5036.0 
59.0 -939.0 
337.0 -3274.0 
430.0 -3859.0 
64.0 -942.0 
126.0 -1585.0 
576.0 -4507.0 
745.0 -5061.0 
873.0 -5359.0 
899.0 -5449.0 
771.0 -5151.0 
875.0 -5364.0 
747.0 -5066.0 
252.0 -2654.0 
575.0 -4505.0 
96.0 -1256.0 
95.0 -1254.0 
1343.0 -6336.0 
32.0 -536.0 
1124.0 -5964.0 
1227.0 -6151.0 
1004.0 -5641.0 
1071.0 -5823.0 
1147.0 -6030.0 
1101.0 -5861.0 
1177.0 -6068.0 
924.0 -5520.0 
796.0 -5222.0 
977.0 -5624.0 
1200.0 -6134.0 
41.0 -696.0 
287.0 -2968.0 
165.0 -2036.0 
1280.0 -6255.0 
845.0 -5326.0 
717.0 -5028.0 
1048.0 -5757.0 
142.0 -1817.0 
82.0 -1185.0 
669.0 -4891.0 
299.0 -3063.0 
177.0 -2131.0 
822.0 -5260.0 
773.0 -5156.0 
694.0 -4962.0 
901.0 -5454.0 
954.0 -5558.0 
692.0 -4957.0 
158.0 -1975.0 
280.0 -2907.0 
205.0 -2320.0 
543.0 -4399.0 
650.0 -4813.0 
68.0 -1005.0 
209.0 -2372.0 
228.0 -2528.0 
217.0 -2415.0 
236.0 -2571.0 
507.0 -4283.0 
465.0 -4076.0 
1257.0 -6189.0 
318.0 -3141.0 
259.0 -2701.0 
360.0 -3397.0 
453.0 -3981.0 
495.0 -4188.0 
368.0 -3447.0 
461.0 -4032.0 
503.0 -4239.0 
440.0 -3906.0 
347.0 -3321.0 
876.0 -5383.0 
748.0 -5085.0 
770.0 -5132.0 
898.0 -5430.0 
1263.0 -6215.0 
526.0 -4361.0 
524.0 -4321.0 
482.0 -4114.0 
665.0 -4842.0 
115.0 -1530.0 
578.0 -4547.0 
240.0 -2623.0 
1032.0 -5674.0 
820.0 -5255.0 
952.0 -5553.0 
411.0 -3726.0 
312.0 -3104.0 
594.0 -4583.0 
1040.0 -5705.0 
551.0 -4432.0 
642.0 -4776.0 
349.0 -3369.0 
253.0 -2664.0 
99.0 -1372.0 
559.0 -4469.0 
102.0 -1404.0 
330.0 -3213.0 
423.0 -3798.0 
640.0 -4771.0 
442.0 -3954.0 
484.0 -4161.0 
403.0 -3675.0 
310.0 -3090.0 
97.0 -1287.0 
633.0 -4709.0 
98.0 -1343.0 
574.0 -4498.0 
380.0 -3553.0 
373.0 -3492.0 
415.0 -3770.0 
322.0 -3185.0 
263.0 -2745.0 
47.0 -774.0 
549.0 -4427.0 
392.0 -3648.0 
188.0 -2158.0 
251.0 -2650.0 
137.0 -1736.0 
568.0 -4470.0 
265.0 -2759.0 
221.0 -2467.0 
224.0 -2476.0 
391.0 -3576.0 
278.0 -2834.0 
193.0 -2214.0 
119.0 -1571.0 
114.0 -1499.0 
417.0 -3784.0 
324.0 -3199.0 
405.0 -3689.0 
146.0 -1880.0 
86.0 -1248.0 
1261.0 -6210.0 
1038.0 -5700.0 
91.0 -1253.0 
1034.0 -5679.0 
335.0 -3226.0 
428.0 -3811.0 
201.0 -2257.0 
189.0 -2162.0 
128.0 -1637.0 
112.0 -1479.0 
343.0 -3277.0 
436.0 -3862.0 
501.0 -4199.0 
459.0 -3992.0 
366.0 -3407.0 
372.0 -3491.0 
387.0 -3554.0 
410.0 -3703.0 
268.0 -2812.0 
617.0 -4705.0 
598.0 -4627.0 
614.0 -4631.0 
111.0 -1467.0 
127.0 -1625.0 
70.0 -1090.0 
130.0 -1722.0 
52.0 -847.0 
121.0 -1578.0 
198.0 -2221.0 
57.0 -854.0 
135.0 -1729.0 
156.0 -1892.0 
75.0 -1097.0 
595.0 -4585.0 
154.0 -1885.0 
50.0 -779.0 
276.0 -2817.0 
200.0 -2253.0 
744.0 -5036.0 
872.0 -5334.0 
59.0 -939.0 
430.0 -3859.0 
337.0 -3274.0 
64.0 -942.0 
126.0 -1585.0 
576.0 -4507.0 
873.0 -5359.0 
745.0 -5061.0 
771.0 -5151.0 
899.0 -5449.0 
875.0 -5364.0 
747.0 -5066.0 
252.0 -2654.0 
575.0 -4505.0 
96.0 -1256.0 
95.0 -1254.0 
32.0 -536.0 
1343.0 -6336.0 
1124.0 -5964.0 
1227.0 -6151.0 
1004.0 -5641.0 
1147.0 -6030.0 
1071.0 -5823.0 
1101.0 -5861.0 
1177.0 -6068.0 
924.0 -5520.0 
796.0 -5222.0 
977.0 -5624.0 
1200.0 -6134.0 
41.0 -696.0 
165.0 -2036.0 
287.0 -2968.0 
1280.0 -6255.0 
845.0 -5326.0 
717.0 -5028.0 
1048.0 -5757.0 
82.0 -1185.0 
142.0 -1817.0 
669.0 -4891.0 
177.0 -2131.0 
299.0 -3063.0 
822.0 -5260.0 
901.0 -5454.0 
954.0 -5558.0 
694.0 -4962.0 
773.0 -5156.0 
692.0 -4957.0 
158.0 -1975.0 
280.0 -2907.0 
205.0 -2320.0 
543.0 -4399.0 
650.0 -4813.0 
68.0 -1005.0 
209.0 -2372.0 
228.0 -2528.0 
236.0 -2571.0 
217.0 -2415.0 
507.0 -4283.0 
465.0 -4076.0 
1257.0 -6189.0 
259.0 -2701.0 
318.0 -3141.0 
360.0 -3397.0 
495.0 -4188.0 
453.0 -3981.0 
461.0 -4032.0 
503.0 -4239.0 
368.0 -3447.0 
347.0 -3321.0 
440.0 -3906.0 
748.0 -5085.0 
876.0 -5383.0 
898.0 -5430.0 
770.0 -5132.0 
1263.0 -6215.0 
526.0 -4361.0 
524.0 -4321.0 
482.0 -4114.0 
665.0 -4842.0 
115.0 -1530.0 
578.0 -4547.0 
240.0 -2623.0 
820.0 -5255.0 
1032.0 -5674.0 
952.0 -5553.0 
411.0 -3726.0 
312.0 -3104.0 
594.0 -4583.0 
1040.0 -5705.0 
642.0 -4776.0 
551.0 -4432.0 
349.0 -3369.0 
253.0 -2664.0 
99.0 -1372.0 
559.0 -4469.0 
102.0 -1404.0 
423.0 -3798.0 
330.0 -3213.0 
640.0 -4771.0 
442.0 -3954.0 
484.0 -4161.0 
310.0 -3090.0 
403.0 -3675.0 
97.0 -1287.0 
633.0 -4709.0 
98.0 -1343.0 
574.0 -4498.0 
380.0 -3553.0 
373.0 -3492.0 
263.0 -2745.0 
322.0 -3185.0 
415.0 -3770.0 
47.0 -774.0 
549.0 -4427.0 
392.0 -3648.0 
188.0 -2158.0 
251.0 -2650.0 
137.0 -1736.0 
568.0 -4470.0 
265.0 -2759.0 
221.0 -2467.0 
224.0 -2476.0 
391.0 -3576.0 
278.0 -2834.0 
193.0 -2214.0 
119.0 -1571.0 
114.0 -1499.0 
324.0 -3199.0 
417.0 -3784.0 
405.0 -3689.0 
146.0 -1880.0 
86.0 -1248.0 
1261.0 -6210.0 
1038.0 -5700.0 
91.0 -1253.0 
1034.0 -5679.0 
428.0 -3811.0 
335.0 -3226.0 
201.0 -2257.0 
189.0 -2162.0 
112.0 -1479.0 
128.0 -1637.0 
436.0 -3862.0 
343.0 -3277.0 
459.0 -3992.0 
501.0 -4199.0 
366.0 -3407.0 
372.0 -3491.0 
387.0 -3554.0 
410.0 -3703.0 
268.0 -2812.0 
617.0 -4705.0 
598.0 -4627.0 
614.0 -4631.0 
127.0 -1625.0 
111.0 -1467.0 
70.0 -1090.0 
130.0 -1722.0 
52.0 -847.0 
121.0 -1578.0 
57.0 -854.0 
75.0 -1097.0 
135.0 -1729.0 
198.0 -2221.0 
156.0 -1892.0 
595.0 -4585.0 
154.0 -1885.0 
50.0 -779.0 
276.0 -2817.0 
200.0 -2253.0 
744.0 -5036.0 
872.0 -5334.0 
59.0 -939.0 
430.0 -3859.0 
337.0 -3274.0 
64.0 -942.0 
126.0 -1585.0 
576.0 -4507.0 
873.0 -5359.0 
745.0 -5061.0 
771.0 -5151.0 
899.0 -5449.0 
875.0 -5364.0 
747.0 -5066.0 
252.0 -2654.0 
575.0 -4505.0 
96.0 -1256.0 
95.0 -1254.0 
1343.0 -6336.0 
1124.0 -5964.0 
1227.0 -6151.0 
1004.0 -5641.0 
1071.0 -5823.0 
1147.0 -6030.0 
1101.0 -5861.0 
1177.0 -6068.0 
924.0 -5520.0 
796.0 -5222.0 
1200.0 -6134.0 
977.0 -5624.0 
41.0 -696.0 
165.0 -2036.0 
287.0 -2968.0 
1280.0 -6255.0 
845.0 -5326.0 
717.0 -5028.0 
1048.0 -5757.0 
82.0 -1185.0 
142.0 -1817.0 
669.0 -4891.0 
299.0 -3063.0 
177.0 -2131.0 
901.0 -5454.0 
954.0 -5558.0 
822.0 -5260.0 
694.0 -4962.0 
773.0 -5156.0 
692.0 -4957.0 
158.0 -1975.0 
280.0 -2907.0 
205.0 -2320.0 
543.0 -4399.0 
650.0 -4813.0 
68.0 -1005.0 
228.0 -2528.0 
209.0 -2372.0 
217.0 -2415.0 
236.0 -2571.0 
465.0 -4076.0 
507.0 -4283.0 
1257.0 -6189.0 
318.0 -3141.0 
259.0 -2701.0 
360.0 -3397.0 
495.0 -4188.0 
453.0 -3981.0 
503.0 -4239.0 
368.0 -3447.0 
461.0 -4032.0 
440.0 -3906.0 
347.0 -3321.0 
876.0 -5383.0 
748.0 -5085.0 
898.0 -5430.0 
770.0 -5132.0 
1263.0 -6215.0 
526.0 -4361.0 
482.0 -4114.0 
524.0 -4321.0 
665.0 -4842.0 
115.0 -1530.0 
578.0 -4547.0 
240.0 -2623.0 
952.0 -5553.0 
820.0 -5255.0 
1032.0 -5674.0 
411.0 -3726.0 
312.0 -3104.0 
594.0 -4583.0 
551.0 -4432.0 
1040.0 -5705.0 
642.0 -4776.0 
349.0 -3369.0 
253.0 -2664.0 
99.0 -1372.0 
559.0 -4469.0 
102.0 -1404.0 
330.0 -3213.0 
423.0 -3798.0 
640.0 -4771.0 
442.0 -3954.0 
484.0 -4161.0 
310.0 -3090.0 
403.0 -3675.0 
97.0 -1287.0 
633.0 -4709.0 
98.0 -1343.0 
574.0 -4498.0 
380.0 -3553.0 
373.0 -3492.0 
322.0 -3185.0 
263.0 -2745.0 
415.0 -3770.0 
47.0 -774.0 
549.0 -4427.0 
392.0 -3648.0 
251.0 -2650.0 
188.0 -2158.0 
137.0 -1736.0 
568.0 -4470.0 
265.0 -2759.0 
221.0 -2467.0 
224.0 -2476.0 
391.0 -3576.0 
278.0 -2834.0 
193.0 -2214.0 
119.0 -1571.0 
114.0 -1499.0 
324.0 -3199.0 
417.0 -3784.0 
405.0 -3689.0 
146.0 -1880.0 
86.0 -1248.0 
1261.0 -6210.0 
1038.0 -5700.0 
1034.0 -5679.0 
428.0 -3811.0 
335.0 -3226.0 
201.0 -2257.0 
189.0 -2162.0 
112.0 -1479.0 
128.0 -1637.0 
436.0 -3862.0 
1417.0 -6478.0 
0.0 0.0 
507.0 -4283.0 
1354.0 -6397.0 
796.0 -5222.0 
1394.0 -6412.0 
146.0 -1880.0 
669.0 -4891.0 
1147.0 -6030.0 
1200.0 -6134.0 
29.0 -531.0 
299.0 -3063.0 
617.0 -4705.0 
717.0 -5028.0 
924.0 -5520.0 
20.0 -387.0 
392.0 -3648.0 
5.0 -119.0 
526.0 -4361.0 
70.0 -1090.0 
240.0 -2623.0 
1263.0 -6215.0 
442.0 -3954.0 
924.0 -5520.0 
1004.0 -5641.0 
1038.0 -5700.0 
665.0 -4842.0 
526.0 -4361.0 
380.0 -3553.0 
901.0 -5454.0 
977.0 -5624.0 
796.0 -5222.0 
312.0 -3104.0 
465.0 -4076.0 
287.0 -2968.0 
507.0 -4283.0 
694.0 -4962.0 
335.0 -3226.0 
640.0 -4771.0 
954.0 -5558.0 
617.0 -4705.0 
322.0 -3185.0 
299.0 -3063.0 
717.0 -5028.0 
770.0 -5132.0 
876.0 -5383.0 
392.0 -3648.0 
669.0 -4891.0 
1071.0 -5823.0 
578.0 -4547.0 
692.0 -4957.0 
1030.0 -5646.0 
748.0 -5085.0 
280.0 -2907.0 
1048.0 -5757.0 
574.0 -4498.0 
1227.0 -6151.0 
559.0 -4469.0 
1101.0 -5861.0 
415.0 -3770.0 
773.0 -5156.0 
650.0 -4813.0 
1147.0 -6030.0 
633.0 -4709.0 
952.0 -5553.0 
343.0 -3277.0 
349.0 -3369.0 
1124.0 -5964.0 
1417.0 -6478.0 
405.0 -3689.0 
1200.0 -6134.0 
1177.0 -6068.0 
845.0 -5326.0 
898.0 -5430.0 
1354.0 -6397.0 
372.0 -3491.0 
1331.0 -6331.0 
1280.0 -6255.0 
1343.0 -6336.0 
744.0 -5036.0 
1257.0 -6189.0 
1263.0 -6215.0 
1112.0 -5869.0 
872.0 -5334.0 
1301.0 -6293.0 
366.0 -3407.0 
524.0 -4321.0 
543.0 -4399.0 
1394.0 -6412.0 
482.0 -4114.0 
264.0 -2749.0 
276.0 -2817.0 
428.0 -3811.0 
822.0 -5260.0 
614.0 -4631.0 
595.0 -4585.0 
436.0 -3862.0 
442.0 -3954.0 
459.0 -3992.0 
484.0 -4161.0 
501.0 -4199.0 
